FIRST: 0.008915
SECOND: 0.009385
THIRD: 0.008379
